1.062135e+01 1.061319e+01 
1.062143e+01 -1.062975e+01 
1.062136e+01 -9.511421e+00 
1.062130e+01 -8.393732e+00 
1.062131e+01 -7.276135e+00 
1.062140e+01 -6.158078e+00 
1.062145e+01 -5.041251e+00 
1.062136e+01 -3.924407e+00 
1.062140e+01 -2.807340e+00 
1.062139e+01 -1.690173e+00 
1.062137e+01 -5.720021e-01 
1.062139e+01 5.451800e-01 
1.062139e+01 1.663354e+00 
1.062143e+01 2.781604e+00 
1.062132e+01 3.899853e+00 
1.062135e+01 5.018994e+00 
1.062143e+01 6.137479e+00 
1.062134e+01 7.256884e+00 
1.062141e+01 8.375883e+00 
1.062134e+01 9.494453e+00 
-1.062133e+01 1.062679e+01 
-1.062126e+01 -1.061653e+01 
-1.062131e+01 -9.499266e+00 
-1.062138e+01 -8.380513e+00 
-1.062137e+01 -7.262507e+00 
-1.062131e+01 -6.144174e+00 
-1.062128e+01 -5.025376e+00 
-1.062138e+01 -3.907881e+00 
-1.062134e+01 -2.789809e+00 
-1.062138e+01 -1.671512e+00 
-1.062141e+01 -5.529415e-01 
-1.062141e+01 5.657667e-01 
-1.062142e+01 1.684252e+00 
-1.062137e+01 2.802683e+00 
-1.062148e+01 3.920278e+00 
-1.062143e+01 5.038144e+00 
-1.062130e+01 6.156605e+00 
-1.062140e+01 7.273765e+00 
-1.062133e+01 8.391949e+00 
-1.062136e+01 9.509483e+00 
-9.503290e+00 1.062047e+01 
-9.503202e+00 -1.062176e+01 
-9.503251e+00 -9.504073e+00 
-9.503318e+00 -8.385304e+00 
-9.503325e+00 -7.267394e+00 
-9.503253e+00 -6.149244e+00 
-9.503237e+00 -5.030802e+00 
-9.503320e+00 -3.913991e+00 
-9.503272e+00 -2.795766e+00 
-9.503310e+00 -1.678224e+00 
-9.503374e+00 -5.601545e-01 
-9.503383e+00 5.584856e-01 
-9.503379e+00 1.675747e+00 
-9.503324e+00 2.794363e+00 
-9.503441e+00 3.911752e+00 
-9.503382e+00 5.029439e+00 
-9.503251e+00 6.148341e+00 
-9.503361e+00 7.266023e+00 
-9.503289e+00 8.385081e+00 
-9.503322e+00 9.502815e+00 
-8.385245e+00 1.062538e+01 
-8.385147e+00 -1.061636e+01 
-8.385198e+00 -9.497305e+00 
-8.385268e+00 -8.379141e+00 
-8.385282e+00 -7.261328e+00 
-8.385202e+00 -6.143504e+00 
-8.385178e+00 -5.025251e+00 
-8.385269e+00 -3.906785e+00 
-8.385213e+00 -2.789290e+00 
-8.385252e+00 -1.671255e+00 
-8.385324e+00 -5.541281e-01 
-8.385325e+00 5.627764e-01 
-8.385330e+00 1.680016e+00 
-8.385241e+00 2.797659e+00 
-8.385373e+00 3.916183e+00 
-8.385303e+00 5.034223e+00 
-8.385210e+00 6.152147e+00 
-8.385288e+00 7.270441e+00 
-8.385228e+00 8.387950e+00 
-8.385287e+00 9.506341e+00 
-7.267238e+00 1.061470e+01 
-7.267162e+00 -1.062805e+01 
-7.267204e+00 -9.510296e+00 
-7.267261e+00 -8.391631e+00 
-7.267267e+00 -7.273219e+00 
-7.267187e+00 -6.154384e+00 
-7.267173e+00 -5.035953e+00 
-7.267231e+00 -3.918149e+00 
-7.267194e+00 -2.798963e+00 
-7.267235e+00 -1.679875e+00 
-7.267255e+00 -5.609066e-01 
-7.267275e+00 5.574584e-01 
-7.267275e+00 1.674690e+00 
-7.267188e+00 2.792608e+00 
-7.267307e+00 3.909563e+00 
-7.267256e+00 5.027206e+00 
-7.267152e+00 6.145272e+00 
-7.267259e+00 7.262757e+00 
-7.267195e+00 8.380735e+00 
-7.267271e+00 9.497754e+00 
-6.149251e+00 1.062675e+01 
-6.149177e+00 -1.061542e+01 
-6.149222e+00 -9.497007e+00 
-6.149250e+00 -8.379555e+00 
-6.149249e+00 -7.262141e+00 
-6.149165e+00 -6.144530e+00 
-6.149135e+00 -5.026924e+00 
-6.149204e+00 -3.908286e+00 
-6.149157e+00 -2.790684e+00 
-6.149194e+00 -1.672032e+00 
-6.149233e+00 -5.544666e-01 
-6.149210e+00 5.627675e-01 
-6.149231e+00 1.680925e+00 
-6.149138e+00 2.799220e+00 
-6.149274e+00 3.918278e+00 
-6.149208e+00 5.036459e+00 
-6.149125e+00 6.154437e+00 
-6.149237e+00 7.272682e+00 
-6.149183e+00 8.390073e+00 
-6.149263e+00 9.508404e+00 
-5.031201e+00 1.062658e+01 
-5.031113e+00 -1.061602e+01 
-5.031132e+00 -9.497000e+00 
-5.031183e+00 -8.378767e+00 
-5.031187e+00 -7.259468e+00 
-5.031079e+00 -6.140691e+00 
-5.031082e+00 -5.022401e+00 
-5.031161e+00 -3.903486e+00 
-5.031098e+00 -2.785733e+00 
-5.031132e+00 -1.667519e+00 
-5.031193e+00 -5.490938e-01 
-5.031171e+00 5.682447e-01 
-5.031179e+00 1.685907e+00 
-5.031086e+00 2.803026e+00 
-5.031206e+00 3.920383e+00 
-5.031143e+00 5.037625e+00 
-5.031066e+00 6.155036e+00 
-5.031179e+00 7.273691e+00 
-5.031127e+00 8.390613e+00 
-5.031209e+00 9.508360e+00 
-3.913209e+00 1.061358e+01 
-3.913121e+00 -1.062929e+01 
-3.913168e+00 -9.512239e+00 
-3.913226e+00 -8.394591e+00 
-3.913234e+00 -7.276324e+00 
-3.913149e+00 -6.158711e+00 
-3.913169e+00 -5.039997e+00 
-3.913239e+00 -3.921580e+00 
-3.913166e+00 -2.802725e+00 
-3.913195e+00 -1.683602e+00 
-3.913234e+00 -5.652477e-01 
-3.913230e+00 5.533236e-01 
-3.913216e+00 1.671269e+00 
-3.913094e+00 2.789812e+00 
-3.913200e+00 3.908329e+00 
-3.913134e+00 5.026115e+00 
-3.913063e+00 6.144406e+00 
-3.913183e+00 7.262131e+00 
-3.913131e+00 8.379367e+00 
-3.913234e+00 9.496747e+00 
-2.795154e+00 1.061886e+01 
-2.795074e+00 -1.062340e+01 
-2.795124e+00 -9.505425e+00 
-2.795177e+00 -8.387041e+00 
-2.795187e+00 -7.269304e+00 
-2.795111e+00 -6.151758e+00 
-2.795130e+00 -5.033926e+00 
-2.795184e+00 -3.915399e+00 
-2.795126e+00 -2.797206e+00 
-2.795153e+00 -1.678765e+00 
-2.795192e+00 -5.607366e-01 
-2.795159e+00 5.566121e-01 
-2.795166e+00 1.673769e+00 
-2.795039e+00 2.791831e+00 
-2.795137e+00 3.910431e+00 
-2.795074e+00 5.028857e+00 
-2.795029e+00 6.147461e+00 
-2.795125e+00 7.265465e+00 
-2.795095e+00 8.382835e+00 
-2.795179e+00 9.500521e+00 
-1.677133e+00 1.062697e+01 
-1.677049e+00 -1.061529e+01 
-1.677073e+00 -9.498126e+00 
-1.677132e+00 -8.380905e+00 
-1.677151e+00 -7.263541e+00 
-1.677064e+00 -6.145913e+00 
-1.677068e+00 -5.028062e+00 
-1.677145e+00 -3.910296e+00 
-1.677080e+00 -2.791445e+00 
-1.677109e+00 -1.673421e+00 
-1.677148e+00 -5.553463e-01 
-1.677121e+00 5.630773e-01 
-1.677121e+00 1.681055e+00 
-1.677028e+00 2.799646e+00 
-1.677116e+00 3.918219e+00 
-1.677067e+00 5.037111e+00 
-1.677004e+00 6.155787e+00 
-1.677133e+00 7.273311e+00 
-1.677058e+00 8.391287e+00 
-1.677151e+00 9.508974e+00 
-5.590737e-01 1.062230e+01 
-5.589926e-01 -1.061953e+01 
-5.590268e-01 -9.501748e+00 
-5.590898e-01 -8.383752e+00 
-5.591083e-01 -7.265968e+00 
-5.590120e-01 -6.147828e+00 
-5.589958e-01 -5.029332e+00 
-5.590945e-01 -3.911195e+00 
-5.590173e-01 -2.792577e+00 
-5.590351e-01 -1.674798e+00 
-5.590827e-01 -5.568307e-01 
-5.590603e-01 5.617126e-01 
-5.590661e-01 1.679541e+00 
-5.589773e-01 2.797301e+00 
-5.590960e-01 3.915059e+00 
-5.590291e-01 5.032924e+00 
-5.589992e-01 6.150715e+00 
-5.590761e-01 7.268397e+00 
-5.590143e-01 8.386207e+00 
-5.591119e-01 9.503910e+00 
5.589660e-01 1.061617e+01 
5.590471e-01 -1.062661e+01 
5.590089e-01 -9.508241e+00 
5.589282e-01 -8.390348e+00 
5.589329e-01 -7.272465e+00 
5.590307e-01 -6.153863e+00 
5.590310e-01 -5.036095e+00 
5.589531e-01 -3.918219e+00 
5.590103e-01 -2.800682e+00 
5.589916e-01 -1.683225e+00 
5.589695e-01 -5.650417e-01 
5.589656e-01 5.527623e-01 
5.589452e-01 1.671202e+00 
5.590323e-01 2.789317e+00 
5.589328e-01 3.907341e+00 
5.589592e-01 5.025910e+00 
5.590276e-01 6.143703e+00 
5.589447e-01 7.261822e+00 
5.590294e-01 8.379680e+00 
5.589276e-01 9.497821e+00 
1.677010e+00 1.062023e+01 
1.677084e+00 -1.062192e+01 
1.677050e+00 -9.504675e+00 
1.676975e+00 -8.386244e+00 
1.676969e+00 -7.268222e+00 
1.677076e+00 -6.149901e+00 
1.677085e+00 -5.030378e+00 
1.676985e+00 -3.912721e+00 
1.677070e+00 -2.794752e+00 
1.677044e+00 -1.677799e+00 
1.677017e+00 -5.605635e-01 
1.677010e+00 5.582793e-01 
1.676988e+00 1.675910e+00 
1.677044e+00 2.794472e+00 
1.676970e+00 3.912191e+00 
1.677006e+00 5.029839e+00 
1.677057e+00 6.148449e+00 
1.676988e+00 7.265667e+00 
1.677070e+00 8.384778e+00 
1.676980e+00 9.502792e+00 
2.795065e+00 1.062004e+01 
2.795127e+00 -1.062195e+01 
2.795089e+00 -9.504202e+00 
2.795024e+00 -8.385623e+00 
2.795015e+00 -7.267958e+00 
2.795115e+00 -6.149804e+00 
2.795143e+00 -5.031127e+00 
2.795049e+00 -3.912913e+00 
2.795125e+00 -2.793960e+00 
2.795103e+00 -1.676104e+00 
2.795057e+00 -5.586531e-01 
2.795064e+00 5.591295e-01 
2.795041e+00 1.675992e+00 
2.795094e+00 2.794266e+00 
2.795019e+00 3.912637e+00 
2.795064e+00 5.030678e+00 
2.795105e+00 6.148643e+00 
2.795045e+00 7.266212e+00 
2.795128e+00 8.384361e+00 
2.795048e+00 9.501576e+00 
3.913109e+00 1.061988e+01 
3.913177e+00 -1.062244e+01 
3.913138e+00 -9.504595e+00 
3.913059e+00 -8.386586e+00 
3.913063e+00 -7.268814e+00 
3.913162e+00 -6.151817e+00 
3.913197e+00 -5.034335e+00 
3.913106e+00 -3.916389e+00 
3.913163e+00 -2.797994e+00 
3.913132e+00 -1.680102e+00 
3.913109e+00 -5.626111e-01 
3.913106e+00 5.554363e-01 
3.913094e+00 1.673170e+00 
3.913152e+00 2.791488e+00 
3.913080e+00 3.909997e+00 
3.913103e+00 5.028440e+00 
3.913173e+00 6.147141e+00 
3.913104e+00 7.265468e+00 
3.913179e+00 8.383432e+00 
3.913092e+00 9.501505e+00 
5.031151e+00 1.062237e+01 
5.031227e+00 -1.062127e+01 
5.031169e+00 -9.503628e+00 
5.031097e+00 -8.386299e+00 
5.031096e+00 -7.268083e+00 
5.031205e+00 -6.150122e+00 
5.031255e+00 -5.032865e+00 
5.031148e+00 -3.915112e+00 
5.031207e+00 -2.797927e+00 
5.031176e+00 -1.679218e+00 
5.031147e+00 -5.601056e-01 
5.031162e+00 5.590385e-01 
5.031146e+00 1.678846e+00 
5.031207e+00 2.796921e+00 
5.031141e+00 3.915088e+00 
5.031155e+00 5.032873e+00 
5.031230e+00 6.151133e+00 
5.031157e+00 7.270011e+00 
5.031219e+00 8.387323e+00 
5.031129e+00 9.505049e+00 
6.149198e+00 1.062200e+01 
6.149267e+00 -1.062110e+01 
6.149216e+00 -9.503438e+00 
6.149138e+00 -8.385213e+00 
6.149144e+00 -7.266003e+00 
6.149245e+00 -6.148317e+00 
6.149302e+00 -5.031050e+00 
6.149200e+00 -3.913883e+00 
6.149248e+00 -2.796777e+00 
6.149221e+00 -1.679207e+00 
6.149210e+00 -5.612249e-01 
6.149222e+00 5.571551e-01 
6.149224e+00 1.675331e+00 
6.149270e+00 2.793521e+00 
6.149200e+00 3.911276e+00 
6.149223e+00 5.029297e+00 
6.149291e+00 6.147585e+00 
6.149192e+00 7.266476e+00 
6.149260e+00 8.385058e+00 
6.149182e+00 9.503579e+00 
7.267248e+00 1.062194e+01 
7.267303e+00 -1.061997e+01 
7.267258e+00 -9.500887e+00 
7.267182e+00 -8.382123e+00 
7.267198e+00 -7.263504e+00 
7.267282e+00 -6.145568e+00 
7.267338e+00 -5.027762e+00 
7.267243e+00 -3.909654e+00 
7.267286e+00 -2.791473e+00 
7.267254e+00 -1.673333e+00 
7.267264e+00 -5.556722e-01 
7.267280e+00 5.620401e-01 
7.267291e+00 1.678992e+00 
7.267340e+00 2.796531e+00 
7.267265e+00 3.914230e+00 
7.267291e+00 5.031992e+00 
7.267356e+00 6.150409e+00 
7.267250e+00 7.268414e+00 
7.267305e+00 8.385844e+00 
7.267222e+00 9.503473e+00 
8.385284e+00 1.062271e+01 
8.385352e+00 -1.062123e+01 
8.385300e+00 -9.504160e+00 
8.385240e+00 -8.385245e+00 
8.385233e+00 -7.267319e+00 
8.385321e+00 -6.147643e+00 
8.385387e+00 -5.029943e+00 
8.385288e+00 -3.912621e+00 
8.385342e+00 -2.794455e+00 
8.385328e+00 -1.677496e+00 
8.385327e+00 -5.579250e-01 
8.385351e+00 5.602402e-01 
8.385360e+00 1.678877e+00 
8.385421e+00 2.797530e+00 
8.385336e+00 3.913989e+00 
8.385342e+00 5.032014e+00 
8.385424e+00 6.149413e+00 
8.385330e+00 7.267869e+00 
8.385370e+00 8.386868e+00 
8.385278e+00 9.503945e+00 
9.503334e+00 1.062472e+01 
9.503399e+00 -1.061832e+01 
9.503373e+00 -9.500679e+00 
9.503284e+00 -8.382484e+00 
9.503292e+00 -7.265419e+00 
9.503389e+00 -6.148498e+00 
9.503436e+00 -5.031032e+00 
9.503342e+00 -3.913031e+00 
9.503409e+00 -2.794286e+00 
9.503403e+00 -1.675379e+00 
9.503412e+00 -5.566036e-01 
9.503414e+00 5.616692e-01 
9.503439e+00 1.679609e+00 
9.503488e+00 2.798276e+00 
9.503394e+00 3.916759e+00 
9.503394e+00 5.035637e+00 
9.503477e+00 6.154454e+00 
9.503388e+00 7.272505e+00 
9.503440e+00 8.390386e+00 
9.503332e+00 9.507473e+00 
